1 0.39448275862068966 0.8206896551724138 0.0855172413793104 0.270344827586207
1 0.2793103448275861 0.9165517241379308 0.07586206896551717 0.07586206896551687
1 0.5344827586206895 0.649655172413793 0.06758620689655188 0.27310344827586214
1 0.7337931034482762 0.5220689655172412 0.12413793103448294 0.37655172413793103
1 0.8386206896551723 0.5772413793103448 0.057931034482758575 0.1806896551724138
1 0.32 0.13517241379310346 0.05793103448275857 0.03862068965517242
1 0.42965517241379303 0.1662068965517242 0.03448275862068959 0.07310344827586211
1 0.8689655172413794 0.25931034482758625 0.03310344827586206 0.06344827586206897
1 0.9055172413793104 0.2882758620689655 0.03172413793103445 0.06344827586206897
1 0.5675862068965517 0.17724137931034484 0.015172413793103417 0.02344827586206893
